6
-18.1222	71.6316	1.72951	-67.7181	7.13707	-76.9412
-89.0041	46.1674	-6.11066	34.6136	-10.9199	99.4961
46.1674	-7.50883	-21.6839	-43.1807	51.9246	91.643
-6.11066	-21.6839	29.2983	92.0837	-47.3291	-3.69859
34.6136	-43.1807	92.0837	-60.0716	-87.927	-31.7603
-10.9199	51.9246	-47.3291	-87.927	4.21405	60.8564
99.4961	91.643	-3.69859	-31.7603	60.8564	53.6893
